A	B	C
Medium	Fine	Coarse
0	0.12	0.88
0.04	0.1	0.86
0.1	0.08	0.82
0.11	0.08	0.81
0.12	0.09	0.79
0.13	0.1	0.77
0.14	0.11	0.75
0.14	0.12	0.74
0.14	0.13	0.73
0.14	0.14	0.72
0.14	0.15	0.71
0.14	0.16	0.7
0.13	0.18	0.69
0.12	0.19	0.69
0.11	0.2	0.69
0.1	0.21	0.69
0.09	0.22	0.69
0.08	0.23	0.69
0.07	0.24	0.69
0.06	0.25	0.69
0.05	0.26	0.69
0.04	0.27	0.69
0.03	0.28	0.69
0.01	0.29	0.7
0	0.3	0.7
